0 0 65535 2500
0 0 65535 2500
0 0 65535 2500
0 0 65535 2500
0 0 65535 2500
0 0 65535 2500
0 0 65535 2500
0 0 65535 2500
0 0 65535 2500
0 0 65535 2500
0 0 65535 2500
0 0 65535 2500
0 0 65535 2500
0 0 65535 2500
0 0 65535 2500
0 0 65535 2500
0 0 65535 2500
0 0 65535 2500
0 0 65535 2500
0 0 65535 2500
0 0 65535 2500
0 0 65535 2500
0 0 65535 2500
0 0 65535 2500
0 0 65535 2500
0 0 65535 2500
0 0 65535 2500
0 0 65535 2500
0 0 65535 2500
0 0 65535 2500
0 0 65535 2500
0 0 65535 2500
0 0 65535 2500
0 0 65535 2500
0 0 65535 2500
0 0 65535 2500
0 0 65535 2500
0 0 65535 2500
0 0 65535 2500
0 0 65535 2500
